640 480 31
226	445	0 1 0 342
206	440	0 2 0 396
186	430	0 3 0 431
170	425	0 4 0 466
226	400	0 1 1 342
206	395	0 2 1 396
187	390	0 3 1 431
170	387	0 4 1 466
226	354	0 1 2 342
205	351	0 2 2 396
188	348	0 3 2 431
170	344	0 4 2 466
275	446	1 0 0 342
301	438	2 0 0 396
322	430	3 0 0 431
343	424	4 0 0 466
275	401	1 0 1 342
300	394	2 0 1 396
323	388	3 0 1 431
343	384	4 0 1 466
275	354	1 0 2 342
301	349	2 0 2 396
322	345	3 0 2 431
341	342	4 0 2 466
250	452	0 0 0 325
249	405	0 0 1 325
249	358	0 0 2 325
252	349	1 1 2 360
255	342	2 2 2 396
260	337	3 3 2 431
263	332	4 4 2 466