640 480 31
226	445	0 1	0 343
206	440	0 2	0 360
186	430	0 3	0 378
170	425	0 4	0 396
226	400	0 1	1 343
206	395	0 2	1 360
187	390	0 3	1 378
170	387	0 4	1 396
226	354	0 1	2 343
205	351	0 2	2 360
188	348	0 3	2 378
170	344	0 4	2 396
275	446	1 0	0 343
301	438	2 0	0 360
322	430	3 0	0 378
343	424	4 0	0 396
275	401	1 0	1 343
300	394	2 0	1 360
323	388	3 0	1 378
343	384	4 0	1 396
275	354	1 0	2 343
301	349	2 0	2 360
322	345	3 0 2 378
341	342	4 0	2 396
250	452	0 0 0 325
249	405	0 0	1 325
249	358	0 0 2 325
252	349	1 1	2 343
255	342	2 2 2 360
260	337	3 3 2 378
263	332	4 4 2 396